4294967294,0
4294967278,374
4294967279,286
4294967279,290
4294967278,294
4294967279,281
4294967279,284
4294967279,264
4294967279,394
4294967279,423
4294967279,259
4294967279,442
4294967278,288
4294967279,280
4294967278,255
4294967279,278
4294967278,383
4294967278,254
4294967279,275
4294967279,411
4294967279,0
4294967278,260
4294967278,329
4294967278,327
4294967278,326
4294967278,251
4294967278,324
4294967294,6
4294967278,382
4294967278,349
4294967278,0
4294967278,246
4294967278,132
4294967278,131
4294967278,130
4294967278,129
4294967278,128
4294967278,127
4294967278,126
4294967278,125
4294967278,124
4294967278,123
4294967278,122
4294967278,121
4294967278,120
4294967278,119
4294967278,116
4294967278,115
4294967278,114
4294967278,113
4294967278,112
4294967278,111
4294967278,110
4294967278,109
4294967278,108
4294967278,105
4294967278,104
4294967278,103
4294967278,102
4294967278,101
4294967278,100
4294967278,99
4294967278,98
4294967278,97
4294967278,96
4294967278,95
4294967278,94
4294967278,93
4294967278,92
4294967278,91
4294967278,90
4294967278,89
4294967278,87
4294967278,86
4294967278,85
4294967278,84
4294967278,83
4294967278,82
4294967278,81
4294967278,80
4294967278,79
4294967278,78
4294967278,77
4294967278,76
4294967278,75
4294967278,74
4294967278,73
4294967278,72
4294967278,71
4294967278,70
4294967278,69
4294967278,68
4294967278,67
4294967278,66
4294967278,65
4294967278,64
4294967278,63
4294967278,62
4294967278,61
4294967278,60
4294967279,79
4294967279,77
4294967279,73
4294967279,70
4294967279,69
4294967279,65
4294967279,64
4294967279,63
4294967279,59
4294967279,55
4294967279,53
4294967279,45
4294967279,43
4294967279,41
4294967279,37
4294967279,36
4294967279,30
4294967279,29
4294967279,27
4294967279,26
4294967279,24
4294967279,21
4294967279,11
4294967279,10
4294967279,8
4294967279,7
4294967279,6
4294967279,5
4294967279,4
4294967278,118
4294967278,244
4294967278,117
4294967278,242
4294967294,1195
4294967294,1023
4294967294,11
4294967294,22
4294967294,68
4294967294,81
4294967294,184
4294967294,185
4294967294,12
4294967294,18
4294967294,2
4294967294,1
4294967294,24
4294967294,175
4294967294,176
4294967294,1020
4294967294,36
4294967278,107
4294967278,224
0,5
4294967294,17
4294967294,67
4294967294,99
4294967294,41
4294967294,1419
4294967294,418
4294967294,51
4294967294,25
4294967294,982
4294967294,26
4294967294,82
4294967278,106
4294967294,7
4294967278,371
55,6
55,5
55,4
55,3
55,2
55,1
4294967278,381
4294967279,447
54,6
54,5
54,4
54,3
54,2
54,1
53,6
53,5
53,4
53,3
53,2
53,1
4294967278,380
4294967278,379
4294967279,446
52,5
52,4
52,3
52,2
52,1
4294967294,474
51,4
51,3
51,2
51,1
4294967279,445
4294967279,444
50,4
50,3
50,2
50,1
49,5
49,4
49,3
49,2
49,1
4294967278,378
4294967278,377
48,4
48,3
48,2
48,1
4294967278,376
47,5
47,4
47,3
47,2
47,1
4294967278,375
46,6
46,5
46,4
46,3
46,2
46,1
4294967294,1423
4294967294,1422
45,6
45,5
45,4
45,3
45,2
45,1
4294967294,988
4294967294,987
44,6
44,5
44,4
44,3
44,2
44,1
43,5
43,4
43,3
43,2
43,1
42,5
42,4
42,3
42,2
42,1
4294967279,443
41,6
41,5
41,4
41,3
41,2
41,1
40,5
40,4
40,3
40,2
40,1
4294967294,460
4294967278,372
4294967293,131
4294967293,130
4294967293,129
4294967293,128
4294967293,127
4294967293,126
4294967293,125
4294967293,124
4294967293,123
4294967293,122
4294967293,121
4294967293,120
4294967293,119
4294967293,118
4294967293,117
4294967293,116
4294967293,115
4294967293,114
4294967293,113
4294967293,112
4294967293,111
4294967293,110
4294967293,109
4294967293,108
4294967293,107
4294967293,106
4294967293,105
4294967293,104
4294967293,103
4294967293,102
4294967293,101
4294967293,100
4294967293,99
4294967293,98
4294967293,97
4294967293,96
4294967293,95
4294967293,94
4294967293,93
4294967293,92
4294967293,91
4294967293,90
4294967293,89
4294967293,88
4294967293,87
4294967293,86
4294967293,85
4294967293,84
4294967293,83
4294967293,82
4294967293,81
4294967293,80
4294967293,79
4294967293,78
4294967293,77
4294967293,76
4294967293,75
4294967293,74
4294967293,73
